$ANSIBLE_VAULT;1.1;AES256
38336534313939363335303035306661646661616466666566366431333332653632316664633835
3366383633313438643439663466363130633966626438630a323661303036323936383330613461
38383933363366366463623439383232636165316336323662303531353738323637326233346263
6365363166353932380a623437346633333131666666666662396132613935313338363138393461
62623633386334663334636366646161623437353239643066383761363064636534643065386165
30383464633465613264373130643439373830666432656164623636386534653165313866633063
62373737313636383734663938653164653030366631656635343863393733396333373265646137
66653461643236636530393438613066343233323762323636663331636136636237633237303936
34613539343135346264383466303034343966386337353561353533633836343961306463303038
66626235633534313033656138386136396535313639653334313061326166333562326538643036
32316632343033356239616536323936346536616338356137353965373635343865346134643031
64643334313831383230643430326462653231666161326334376635386665323532373632393635
39386533356263376163623538663535323234616332306332363930323339613335343861643364
65376265353930393265356339336366636638666266386563636635613862306466643733313939
63616236613832356330643466636335366465313962383763353066393561366665663739303938
63613362323361663135626531313639343465616630623131343533393235353066326462383436
33393939343133633962316564306266663835623763343438643039366234303666353632383466
30353635393036323431313065333137323037356539623237333933623739326437306432346638
65643063346538333830343137356161313866383138666436306139613531616563393265616233
66633033633561346661383132366333336533343639613764363464643133376566306435333733
66613962653736393533653163336331323334616462626261653132313334653565383065333033
61316531353839666361366533363763306364663335333030393333313134306563613862383136
38646266376264623139323461383634666632663938353731383862643061353237316136613961
31363361386338383536363065383063393863313433643439346633626132353233643362366335
61383763623962386566653661316135626165636234373761326561366431313964316263643037
63316231343730373661346538373433333338313230636539656130623364666361356663356639
36363732383262653631373936373730613638636131323338346163333633316464653733333735
35623463616662653031646532656231353433303132383535383036373038346132633230636166
63383835373438323839663935326363306335383837336164333031363834376438383462353866
38636633363963386336383036356138393366393863346331396333646337323466356234616639
31353030636464623030306162393365643666316330623663626361346535646561343366666465
30343763643362326465333365616663666136343163613463316234376130303864633365383462
39666265306633656562373463336266383533613662336436623130343536393732363831613264
34653632623965666136316430383233353437303435393333623332383363366432653166336133
30326635623734336533646566646462653031363436333362663266386561323032343636363436
34613337333636353134303636633037316537343132613463643234393763346332613737323565
66366139356333613037653263313766336366656339373333333832653363393033326363316262
61366166333563663864626666323034363261333835313034343034633138323965353239306166
35323061343434396163353166323365613030663962633664636136373538386565333532633262
39303730326636643065653839383935353064653165353435653437366161356636626238666232
34646663653532626134373731323036346562613532623861323438643335393764303833313664
30383836393661663966333066636566313735313865626232373332323837396232316633333732
38636665616261336261303333636234356662656437313861663065636633313262363833373034
63376335643534363836666131663530613938346361623933323330326132656362306662333236
38623861353661316339323566363163366230373661323435653563353333353839313038646662
32623530613164326666663761323264356436376232346633616439363264653664663031326631
62316462633465393431396630316437326238326637613636386138393832316431663538303764
37633561326535663661316136353562376264623837396332316563363164323534653839383063
32653538626139333334626165656461366266643138343830366430313533363933356633393736
66303337653631623334336534353961626163663366353939393230393436316337343432663639
65343734363434626335303734323566363131323730386666323632373165623466663034643763
38663163633166616261623737336639636632633934363036373864383634643665666663383439
62656632393430373636343961663061373335613431353638323030346538663566613161376634
37613736346338633632643731313730616565666638363634376434333236646563323838643636
62316436343038363136623634643032316133383636656465303439393932313736376163613966
37336663396562303966626633643165343538623730326262306534326536653134326262373739
64663763636333613631623563313565396139666563353139393732616331376632316134363337
30636636303039393333313661656237366261313061666337313732633238623864373438646365
62663736346534373032623862646134623763613261393735653135323563643966613362376464
30623566323164343231623036643661376433656135613432363932373435356435636338336632
61303464633765343861656263353864306331643538663662346362373732356536323439393264
35663136656135656165333931626233366261343864643238326334366436393032363539386366
63373464383164653734386136353061643965616531363430656163393537623064363265373736
36313737383939616634626262323362663636346366636335656432353333323866623062393937
65323138313534393162333433366233343061643630343866306636623838623439653139363561
32316366306532343438373062363562363063653339616137343436386561663033666234353639
31616337373064663933336562313134616136376365343461326433623563343133666662306336
65333962346561626637643932633735313330376234633132303831383538343439373363353739
64306435303135663563313065393234356362623766333531633466636231326332366333623935
61643439616535386465326533386163306634383236663965623737343635386130646631353833
37303565393339336133356336386463323863316432663263646663643266373434636563633638
36303739393536393233396661313565613631343861663336393835356262333364663633643235
35626465613339386661336337313230333135303537303634396438653231333438396564636661
34663061396262626337623963623061623135636335306166316466303536316165333762626437
33626632393937383430643030633964326436333362656138663837353166303262323262333864
33333730313566396637326431343939653861353835313431323035313031386463393138383032
35636235613130313237353964643461313234353461343239353137666265316264343438383731
64393539646137383464636230306331393336366561303032323731333932316165316437383433
63366330663630306138303863393466666361353163323564386238653537373835326534666532
63376138323839336338393135626561313632386139643239356338653466613639306361356163
30393265326162386132643339356432393935353833353834623236353931353766666332626166
62663562653530663433333839306133386164393261376365366364663831643966356364383061
31653264363731316462653433366661333330643331396338366433636631613734393963663337
61363563396665353661653861366265356330343538376464646363653132313164393263613763
63346134356363636263656566386562623335356432356462393263313563373230363432366165
65356362393734303838313139656532393661343630383862656435393934333133616138366362
38663836653333666437663465316565313434623366333034333738373437643335366431643365
38623738333365313732386635666364393565323432383438313661613939626532343234366230
64666631376264373435653932303365613061626439613363383934353437323737653261353966
33633339316162323461313262386263626162393230383566383838333365333831336262363834
31623961326664363937663964656661653962666538363633643863373862346132656333643834
33333962323739343263646663323164626266653135346535643430333466333462313730363864
39383035356232303537633565393536393030613863653162323131386265306536366336313937
30626637616563383435386533383533643164333630313364383738643732313937323534313230
34663764636134363236386465376339393539353038316534336532393764373763623336373235
62626261383532343331646130306361613734353661386364623839643263303434366230316133
37346662356163323433316262343230323163613731346230633235653439343938326466336536
61336439643033643031366164306635616632346139316339663538316137376634326230376663
30353334373536306264393736356633353131326435373738303930383161373638353539653738
66623963363064353161356262303565643338626434646534356239636461316563383637313964
63363764613632663432623961343765386462323030313630666237366662643466383230316462
38366131613737353936366166393766303633376533396439363533363238386336386165383834
36646265653832333130633738333434363137336638353137626635616263346630363561353837
38373861316335306663366431306561393434353739653930666236323663656434666431313531
38653034333361633061623864616637393439666562373937333136663963386435623332383935
34623763396266353765353037363834656362373430623439646663336338663937363237613264
35393835666539623536363438643864636663366364393266633163636638313936643839663036
38353366646262306665653733373665333130343236343732623130653731363438316630386664
37303132376662646534613061663930373138383833343434363833653564613635623262336539
31303264636331333764333462393536616661363566313535376337336461616464646331653762
32386533373833373366346433393231303039356139316134336639363233396365383530613332
31383534646535613531636566323561393065383835393163313436653832393935663935386337
64383230613264666662666131623437346238363566306230353933376430613864363261646437
65653838313434323636626539333961383730386132363633373133663238333631366235653831
37313234316637653939353565343463663338663763643137393338636163656564663166666633
36316234373462636432356238633434396435613161633339306434626164636536333730393032
33396530626635366232316337616465396266613031356265326537323235303163646263333234
37663132346136386239353931663439643465306231363737626662393938333135343763303432
39653636383665663863666438316662333534353536623463323937383731613232643564313765
61323935653430336232373832656336313964656365663638613261623538636236663964356633
35333461323035613830323638666265353137386661363661646334633038323231653062623666
65656132376331313737656633623233653962323966353262653736643633363730396562346239
66633762343064616666316565356231313233333737666236373363666634626638336639396438
36656230336635373738353634346433653236633936373061333861626536653735313939323963
64366166396666663938393238333964636366633535653433386233353434313461386537636662
30643130396138373261623732363236356335306439636330343735386436363063376266376330
63656238643661643435616533343066646364353338326139656234373032633666386538353839
39363437383634323836666631633936336233333063616566333664313766366134373032373439
35343632653436383939343039386430613837353338306466396165656338643762336366303264
38616537346636633361376465393233373063376362333538363364666561363362643939333435
37613335313964626533623431656561316137393336663035396634353033383936613637396538
39666630666637626134313033383332643835343065656262316162653364616331393261363530
31343035313465336537663034393566313839363039613364303566363935383665363336396435
38663636323732323237313965383836333532656232383734623936346131383763313039643337
37303131376331313835316334663464353364373333353465643338326135343865366562656434
32616432353536623561353537393838303533323139383861646633326133643266363965336231
65656366313366646132323039653662336162353237613462633132306335326533383436626661
66326132623765343933363630616438393837633336353164303237313134376637636664643632
62666465643530313437626132393032363664313731633531313861346638386364323336396432
32633663323966313133393066303863633933316332666533633865313434343239613537353463
39666164313964373931613031306139613330306566393238613165656461626632316630353037
66663762666631363866383439633235363237373435616437363664646637343862656431313163
36666539633564633536633839306331373861616564343037363766366439346539363732636531
39316531633065366132623363643262376565656335623335623865653239616131333734393436
61303134613536666161336531343437613132623335303031323732336632646163363736376436
31656230633764646235636463633136623963383132316139623632353533326335333831343962
64633533663836336135383866316362306437616266613035303838666334613736346462313530
61373762396663363664326531663566386466366362316338393932376636613165313330633463
63346331396136393637656638323238646238623139376637373038643930323633363362306161
64633339663237363034616538626339646131383930373162323335656335383636346334633737
63636564373866353635333836343239656333383166343365623134353236623935636234353362
39306235663865666162646535326661386665356261643966303039396562363935306664356233
65626239366636373361346334633533646337626162623965323262613738373736636236373264
34323965626563353732353235363366373636373437353230326664636565366661306532393765
65626539376531656635653164613462646439363132353431653931656238613164306230353337
34636632623437363332656635343535623730323836626235383237373665316136343938313235
33313063323664356137663565303335393965373734616531383830333065353064346466356331
64653639316538313662623366343834376666306134373237303630333265646439333633623564
30313330633962393862626164326461633530306163613130623764643065656138373864653662
37383966636635353937666461383661376661623934336265306462383531363236636134613836
62336664336132333238376265346538616637383234653665366535313961626165
